1 -1 -1 -1 -1 -1 -1 31.6
2 -1 -1 -1 -1 1 1 32.6
3 -1 -1 -1 1 -1 1 13.4
4 -1 -1 -1 1 1 -1 13.2
5 -1 -1 1 -1 -1 1 27.5
6 -1 -1 1 -1 1 -1 32.5
7 -1 -1 1 1 -1 -1 11.6
8 -1 -1 1 1 1 1 20.8
9 -1 1 -1 -1 -1 1 37.2
10 -1 1 -1 -1 1 -1 51.6
11 -1 1 -1 1 -1 -1 14.1
12 -1 1 -1 1 1 1 19.9
13 -1 1 1 -1 -1 -1 27.3
14 -1 1 1 -1 1 1 40.2
15 -1 1 1 1 -1 1 19.3
16 -1 1 1 1 1 -1 23.3
17 1 -1 -1 -1 -1 1 31.2
18 1 -1 -1 -1 1 -1 32.6
19 1 -1 -1 1 -1 -1 14.2
20 1 -1 -1 1 1 1 22.4
21 1 -1 1 -1 -1 -1 32.7
22 1 -1 1 -1 1 1 41.0
23 1 -1 1 1 -1 1 20.1
24 1 -1 1 1 1 -1 18.7
25 1 1 -1 -1 -1 -1 29.6
26 1 1 -1 -1 1 1 42.3
27 1 1 -1 1 -1 1 18.5
28 1 1 -1 1 1 -1 20.0
29 1 1 1 -1 -1 1 30.9
30 1 1 1 -1 1 -1 34.3
31 1 1 1 1 -1 -1 19.4
32 1 1 1 1 1 1 23.4
